True Cost 	Penalty 	Adjusted Cost
-6.407288E-01	0.000000E+00	-6.407288E-01
-1.081276E-01	0.000000E+00	-1.081276E-01
8.081245E-02	0.000000E+00	8.081245E-02
1.668305E-01	0.000000E+00	1.668305E-01
-1.381837E-01	0.000000E+00	-1.381837E-01
-3.694676E-01	0.000000E+00	-3.694676E-01
-6.880026E-02	0.000000E+00	-6.880026E-02
-6.364530E-01	0.000000E+00	-6.364530E-01
-5.977999E-01	0.000000E+00	-5.977999E-01
-4.646125E-01	0.000000E+00	-4.646125E-01
-5.399348E-01	0.000000E+00	-5.399348E-01
-8.698844E-01	0.000000E+00	-8.698844E-01
-3.799971E-01	0.000000E+00	-3.799971E-01
-7.887815E-01	0.000000E+00	-7.887815E-01
-8.127284E-01	0.000000E+00	-8.127284E-01
-8.253029E-01	0.000000E+00	-8.253029E-01
-7.132325E-01	0.000000E+00	-7.132325E-01
-9.678287E-01	0.000000E+00	-9.678287E-01
-8.537497E-01	0.000000E+00	-8.537497E-01
-8.977710E-01	0.000000E+00	-8.977710E-01
-9.461498E-01	0.000000E+00	-9.461498E-01
-7.095677E-01	0.000000E+00	-7.095677E-01
-1.036608E+00	0.000000E+00	-1.036608E+00
-8.204214E-01	0.000000E+00	-8.204214E-01
-1.003803E+00	0.000000E+00	-1.003803E+00
-9.865655E-01	0.000000E+00	-9.865655E-01
-1.010843E+00	0.000000E+00	-1.010843E+00
-1.001873E+00	0.000000E+00	-1.001873E+00
-8.951669E-01	0.000000E+00	-8.951669E-01
-5.552181E-01	0.000000E+00	-5.552181E-01
-1.067781E+00	0.000000E+00	-1.067781E+00
-9.473777E-01	0.000000E+00	-9.473777E-01
-9.598871E-01	0.000000E+00	-9.598871E-01
-9.458798E-01	0.000000E+00	-9.458798E-01
-8.161663E-01	0.000000E+00	-8.161663E-01
-1.048349E+00	0.000000E+00	-1.048349E+00
-1.167682E+00	0.000000E+00	-1.167682E+00
-1.176227E+00	0.000000E+00	-1.176227E+00
-8.634651E-01	0.000000E+00	-8.634651E-01
-9.464738E-01	0.000000E+00	-9.464738E-01
-9.160259E-01	0.000000E+00	-9.160259E-01
-6.949191E-01	0.000000E+00	-6.949191E-01
-1.182166E+00	0.000000E+00	-1.182166E+00
-8.140746E-01	0.000000E+00	-8.140746E-01
-1.135028E+00	0.000000E+00	-1.135028E+00
-1.151318E+00	0.000000E+00	-1.151318E+00
-1.272446E+00	0.000000E+00	-1.272446E+00
-1.063575E+00	0.000000E+00	-1.063575E+00
-1.106437E+00	0.000000E+00	-1.106437E+00
-7.238713E-01	0.000000E+00	-7.238713E-01
-5.928207E-01	0.000000E+00	-5.928207E-01
-1.048316E+00	0.000000E+00	-1.048316E+00
-1.292594E+00	0.000000E+00	-1.292594E+00
-1.349228E+00	0.000000E+00	-1.349228E+00
-4.696174E-01	0.000000E+00	-4.696174E-01
-1.331780E+00	0.000000E+00	-1.331780E+00
-1.288906E+00	0.000000E+00	-1.288906E+00
-1.353285E+00	0.000000E+00	-1.353285E+00
-1.888227E-02	0.000000E+00	-1.888227E-02
-1.376645E+00	0.000000E+00	-1.376645E+00
-1.411749E+00	0.000000E+00	-1.411749E+00
-7.451432E-01	0.000000E+00	-7.451432E-01
-9.018509E-01	0.000000E+00	-9.018509E-01
-1.435213E+00	0.000000E+00	-1.435213E+00
-1.443429E+00	0.000000E+00	-1.443429E+00
-1.439646E+00	0.000000E+00	-1.439646E+00
-5.582211E-01	0.000000E+00	-5.582211E-01
-1.422223E+00	0.000000E+00	-1.422223E+00
-2.683445E-01	0.000000E+00	-2.683445E-01
-1.410508E+00	0.000000E+00	-1.410508E+00
-1.272619E+00	0.000000E+00	-1.272619E+00
-1.414584E+00	0.000000E+00	-1.414584E+00
-1.409573E+00	0.000000E+00	-1.409573E+00
-8.917314E-01	0.000000E+00	-8.917314E-01
-7.828474E-01	0.000000E+00	-7.828474E-01
-1.189278E+00	0.000000E+00	-1.189278E+00
-1.367744E+00	0.000000E+00	-1.367744E+00
-1.385148E+00	0.000000E+00	-1.385148E+00
-1.357087E+00	0.000000E+00	-1.357087E+00
-1.103772E+00	0.000000E+00	-1.103772E+00
-1.203027E+00	0.000000E+00	-1.203027E+00
-7.980823E-01	0.000000E+00	-7.980823E-01
-8.500305E-01	0.000000E+00	-8.500305E-01
-1.485868E+00	0.000000E+00	-1.485868E+00
-1.460211E+00	0.000000E+00	-1.460211E+00
-1.439521E+00	0.000000E+00	-1.439521E+00
-3.450119E-01	0.000000E+00	-3.450119E-01
-8.248220E-01	0.000000E+00	-8.248220E-01
-1.325762E+00	0.000000E+00	-1.325762E+00
-1.428951E+00	0.000000E+00	-1.428951E+00
-9.911829E-01	0.000000E+00	-9.911829E-01
-1.318977E+00	0.000000E+00	-1.318977E+00
-1.472016E+00	0.000000E+00	-1.472016E+00
-1.394868E+00	0.000000E+00	-1.394868E+00
-1.458588E+00	0.000000E+00	-1.458588E+00
-1.445718E+00	0.000000E+00	-1.445718E+00
-1.370910E+00	0.000000E+00	-1.370910E+00
-8.861061E-01	0.000000E+00	-8.861061E-01
-1.062141E+00	0.000000E+00	-1.062141E+00
-1.450786E+00	0.000000E+00	-1.450786E+00
-9.263960E-01	0.000000E+00	-9.263960E-01
-1.458449E+00	0.000000E+00	-1.458449E+00
-1.408336E+00	0.000000E+00	-1.408336E+00
-1.474743E+00	0.000000E+00	-1.474743E+00
-1.453404E+00	0.000000E+00	-1.453404E+00
-1.462027E+00	0.000000E+00	-1.462027E+00
5.955495E-01	0.000000E+00	5.955495E-01
-1.436451E+00	0.000000E+00	-1.436451E+00
-1.344148E+00	0.000000E+00	-1.344148E+00
-1.404772E+00	0.000000E+00	-1.404772E+00
-1.469909E+00	0.000000E+00	-1.469909E+00
-1.462828E+00	0.000000E+00	-1.462828E+00
-1.487971E+00	0.000000E+00	-1.487971E+00
-1.496310E+00	0.000000E+00	-1.496310E+00
-1.443024E+00	0.000000E+00	-1.443024E+00
-1.373511E+00	0.000000E+00	-1.373511E+00
-1.199591E+00	0.000000E+00	-1.199591E+00
-1.475415E+00	0.000000E+00	-1.475415E+00
-7.464351E-01	0.000000E+00	-7.464351E-01
-1.215224E+00	0.000000E+00	-1.215224E+00
-1.489193E+00	0.000000E+00	-1.489193E+00
-1.409933E+00	0.000000E+00	-1.409933E+00
-8.388424E-01	0.000000E+00	-8.388424E-01
-8.792315E-01	0.000000E+00	-8.792315E-01
-1.473200E+00	0.000000E+00	-1.473200E+00
-1.415665E+00	0.000000E+00	-1.415665E+00
-1.449266E+00	0.000000E+00	-1.449266E+00
-1.277594E+00	0.000000E+00	-1.277594E+00
-6.611582E-01	0.000000E+00	-6.611582E-01
-1.488848E+00	0.000000E+00	-1.488848E+00
-1.467903E+00	0.000000E+00	-1.467903E+00
-1.510857E+00	0.000000E+00	-1.510857E+00
-1.450595E+00	0.000000E+00	-1.450595E+00
-1.385750E+00	0.000000E+00	-1.385750E+00
-1.486861E+00	0.000000E+00	-1.486861E+00
-1.330502E+00	0.000000E+00	-1.330502E+00
-1.444161E+00	0.000000E+00	-1.444161E+00
-1.357056E+00	0.000000E+00	-1.357056E+00
-1.471731E+00	0.000000E+00	-1.471731E+00
-1.513797E+00	0.000000E+00	-1.513797E+00
-1.386763E+00	0.000000E+00	-1.386763E+00
-1.422600E+00	0.000000E+00	-1.422600E+00
-1.511665E+00	0.000000E+00	-1.511665E+00
-1.354756E+00	0.000000E+00	-1.354756E+00
-1.506841E+00	0.000000E+00	-1.506841E+00
-1.432182E+00	0.000000E+00	-1.432182E+00
-1.278503E+00	0.000000E+00	-1.278503E+00
-1.486808E+00	0.000000E+00	-1.486808E+00
-1.038717E+00	0.000000E+00	-1.038717E+00
-4.441731E-01	0.000000E+00	-4.441731E-01
-8.646247E-01	0.000000E+00	-8.646247E-01
-7.541495E-01	0.000000E+00	-7.541495E-01
-1.419137E+00	0.000000E+00	-1.419137E+00
-1.019963E+00	0.000000E+00	-1.019963E+00
-1.468569E+00	0.000000E+00	-1.468569E+00
