:GridWeights
   #      
   # [# HRUs]
   :NumberHRUs       890
   :NumberGridCells  440
   #            
   # [HRU ID] [Cell #] [w_kl]
    1     251            1.0
    2     227            1.0
    3     276            1.0
    4     249            1.0
    5     273            0.14598367476021562
    5     295            0.8540163252397843
    6     346            1.0
    7     345            1.0
    8     300            0.004782743142332946
    8     301            0.995217256857667
    9     298            1.0
    10     225            1.0
    11     301            1.0
    12     316            1.0
    13     301            1.0
    14     317            0.9749679934592825
    14     318            0.02218412164951537
    14     339            0.002847884891202135
    15     297            1.0
    16     301            1.0
    17     295            0.12446922786748955
    17     296            0.8755307721325104
    18     317            1.0
    19     278            1.0
    20     280            1.0
    21     206            0.982691373997855
    21     228            0.017308626002145
    22     318            1.0
    23     323            0.35826487015631847
    23     324            0.0018644345971965677
    23     345            0.5092882942928475
    23     346            0.1305824009536375
    24     248            1.0
    25     315            0.9956503843557226
    25     316            0.0043496156442773826
    26     276            1.0
    27     298            1.0
    28     345            1.0
    29     251            0.8611551573800299
    29     252            0.1388448426199701
    30     249            1.0
    31     302            0.7819938207183494
    31     303            0.21800617928165056
    32     271            1.0
    33     249            1.0
    34     302            1.0
    35     229            0.10267247305096212
    35     230            0.8973275269490378
    36     294            0.8912926684224578
    36     316            0.1087073315775422
    37     315            1.0
    38     346            1.0
    39     227            1.0
    40     227            0.01523345048441037
    40     228            0.015689956075074327
    40     249            0.35503870155143075
    40     250            0.6140378918890845
    41     295            1.0
    42     346            1.0
    43     275            1.0
    44     340            1.0
    45     227            0.8774020897624057
    45     228            0.12259791023759425
    46     297            0.9148308808242345
    46     319            0.08516911917576553
    47     317            1.0
    48     273            1.0
    49     204            1.0
    50     228            1.0
    51     319            1.0
    52     229            1.0
    53     296            1.0
    54     317            0.9619107080830746
    54     339            0.03808929191692545
    55     205            0.5288432571050832
    55     206            0.03944770399984078
    55     227            0.15784692993118724
    55     228            0.27386210896388885
    56     345            1.0
    57     294            0.4991603083253278
    57     316            0.5008396916746722
    58     318            1.0
    59     271            0.15505071241946616
    59     272            0.21414411543087294
    59     293            0.0872667698249419
    59     294            0.543538402324719
    60     206            0.9843222468686408
    60     228            0.015677753131359218
    61     250            7.386842062286362e-06
    61     272            0.4424266369672999
    61     273            0.5575659761906377
    62     326            0.653459930252569
    62     327            0.346540069747431
    63     303            1.0
    64     226            0.49377368715445147
    64     227            0.5062263128455485
    65     253            0.008187702502469071
    65     274            0.3439677194843909
    65     275            0.64784457801314
    66     206            0.19662510792249088
    66     207            0.0381503825485434
    66     228            0.4912453899562999
    66     229            0.27397911957266574
    67     229            1.0
    68     296            1.0
    69     301            1.0
    70     339            1.0
    71     254            0.7146596854535855
    71     255            0.285339385843843
    71     276            9.287025715121189e-07
    72     296            1.0
    73     322            1.0
    74     301            1.0
    75     252            0.41840882945557967
    75     274            0.5815911705444203
    76     229            1.0
    77     297            0.3475456763412061
    77     298            0.6524543236587939
    78     227            1.0
    79     254            0.371032515636663
    79     255            0.628967484363337
    80     301            0.18547609630652298
    80     302            0.814523903693477
    81     296            1.0
    82     301            0.4423883112778179
    82     302            0.557611688722182
    83     298            0.43150603318898356
    83     299            0.5684939668110165
    84     254            1.0
    85     317            0.1479019819519199
    85     318            0.6563655906583996
    85     340            0.19573242738968055
    86     300            1.0
    87     316            1.0
    88     250            0.8176614834034021
    88     251            0.18233851659659794
    89     303            0.044679683747516755
    89     324            0.125709618690626
    89     325            0.8296106975618572
    90     251            0.7023371372254802
    90     273            0.2976628627745198
    91     255            0.4595444346746853
    91     276            0.0999717390166255
    91     277            0.4404838263086892
    92     301            1.0
    93     277            0.9609966748634537
    93     278            0.03900332513654625
    94     277            1.0
    95     279            0.9842108714994529
    95     280            0.015789128500547145
    96     274            1.0
    97     301            0.20346240389233383
    97     302            0.09588752717462175
    97     322            0.16301684016295284
    97     323            0.5325086451712322
    97     324            0.005124583598859367
    98     323            1.0
    99     304            1.0
    100     273            0.7504273659385348
    100     295            0.24957263406146524
    101     296            0.6248074004678488
    101     297            0.3751925995321512
    102     299            0.12559551389085913
    102     300            0.03728818389171025
    102     321            0.5228455289069005
    102     322            0.3142707733105301
    103     320            0.21372452915375736
    103     321            0.003563518014785309
    103     342            0.642235233871761
    103     343            0.14047671895969638
    104     299            0.10360199387231038
    104     320            0.12950769185111552
    104     321            0.7668903142765742
    105     278            0.06767663967903907
    105     279            0.8209781246380352
    105     301            0.11134523568292576
    106     298            0.08436304068585085
    106     320            0.8917874651423457
    106     321            0.023849494171803376
    107     319            1.0
    108     205            0.41720125846870865
    108     227            0.5827987415312914
    109     319            1.0
    110     229            0.9956609111569314
    110     230            0.00433908884306855
    111     321            1.0
    112     297            0.2805651590066921
    112     298            0.586571043636967
    112     319            0.0036760621647032796
    112     320            0.12918773519163762
    113     318            1.0
    114     228            1.0
    115     299            0.005052231919705399
    115     321            0.9949477680802946
    116     316            1.0
    117     273            1.0
    118     294            1.0
    119     299            1.0
    120     299            0.04597909645909646
    120     321            0.9540209035409035
    121     319            1.0
    122     318            1.0
    123     275            1.0
    124     253            0.0097202948174337
    124     254            0.031170726450767135
    124     275            0.4550107406930174
    124     276            0.35465325899186434
    124     297            0.12203225236458357
    124     298            0.027412726682333854
    125     254            1.0
    126     324            1.0
    127     316            0.6034710591560044
    127     317            0.3965289408439956
    128     294            0.6380022930880181
    128     295            0.36199770691198185
    129     274            0.16951904612206928
    129     296            0.8304809538779307
    130     250            0.9259375771020468
    130     251            0.07406242289795317
    131     317            1.0
    132     320            1.0
    133     320            1.0
    134     298            1.0
    135     272            1.0
    136     203            0.10872487465526408
    136     225            0.5845303888179054
    136     226            0.30674473652683054
    137     297            0.7743286202360397
    137     319            0.22567137976396034
    138     298            1.0
    139     248            0.0393335503545157
    139     249            0.9606664496454843
    140     294            0.0009208008473682057
    140     295            0.8786859424014647
    140     317            0.12039325675116708
    141     251            0.02131002089237748
    141     252            0.9786899791076226
    142     301            0.8056524460116891
    142     323            0.19434755398831094
    143     344            0.09162115420396826
    143     345            0.9083788457960318
    144     316            1.0
    145     248            0.31841958775508
    145     249            0.68158041224492
    146     226            1.0
    147     318            1.0
    148     252            0.1319996003155582
    148     253            0.8216536814001328
    148     274            0.02425362075345211
    148     275            0.022093097530856864
    149     250            0.07213445742678001
    149     271            0.4428012529495812
    149     272            0.4850642896236388
    150     249            1.0
    151     250            1.0
    152     315            1.0
    153     339            0.10034595044551603
    153     340            0.899654049554484
    154     280            1.0
    155     254            0.18505162709740547
    155     255            0.05390720386995343
    155     276            0.7189320609074161
    155     277            0.04210910812522495
    156     207            0.03710633014224401
    156     229            0.9627747402466219
    156     230            0.00011892961113413314
    157     323            0.017939459023431838
    157     324            0.8256924095230617
    157     325            0.15636813145350648
    158     323            0.03658607790247382
    158     324            0.8832019329504122
    158     325            0.08021198914711403
    159     323            1.0
    160     298            1.0
    161     271            1.0
    162     322            0.8158583295834009
    162     344            0.18414167041659912
    163     279            1.0
    164     252            1.0
    165     252            1.0
    166     251            0.4920089956897789
    166     273            0.5079910043102212
    167     250            0.6782300214122114
    167     272            0.32176997858778855
    168     297            0.16143787832867146
    168     298            0.8385621216713286
    169     325            1.0
    170     301            1.0
    171     254            0.33482761948997347
    171     255            0.21273350560032464
    171     276            0.42166177281475276
    171     277            0.030777102094949216
    172     251            0.031008723751749075
    172     272            0.13453021957800296
    172     273            0.834461056670248
    173     276            0.6476950147602829
    173     277            0.3523049852397171
    174     274            0.8509178942596044
    174     296            0.1490821057403956
    175     295            1.0
    176     279            0.48187623698415105
    176     280            0.26081866688174116
    176     301            0.15026074657156635
    176     302            0.1070443495625415
    177     229            1.0
    178     251            1.0
    179     279            0.6844116878767181
    179     280            0.31558831212328187
    180     303            1.0
    181     205            1.0
    182     324            0.4762958036870311
    182     346            0.5237041963129689
    183     323            1.0
    184     249            1.0
    185     252            0.6990820257926387
    185     253            0.3009179742073613
    186     346            1.0
    187     297            1.0
    188     249            1.0
    189     182            0.001548140363274295
    189     204            0.6301338673144574
    189     205            0.36831799232226825
    190     318            0.6842866704919788
    190     319            0.3157133295080212
    191     301            1.0
    192     319            1.0
    193     277            1.0
    194     250            1.0
    195     302            1.0
    196     316            1.0
    197     304            1.0
    198     250            1.0
    199     206            0.46959043525562044
    199     228            0.5304095647443796
    200     302            1.0
    201     298            1.0
    202     341            1.0
    203     275            1.0
    204     253            1.0
    205     315            1.0
    206     320            1.0
    207     318            1.0
    208     295            1.0
    209     295            1.0
    210     303            1.0
    211     204            1.0
    212     276            1.0
    213     295            1.0
    214     346            1.0
    215     317            0.31149609235929043
    215     318            0.6885039076407096
    216     249            1.0
    217     294            0.3351422178886086
    217     295            0.6648577821113915
    218     277            0.02238495116717455
    218     299            0.9776150488328255
    219     226            1.0
    220     321            0.5232208744542592
    220     322            0.47677912554574076
    221     302            1.0
    222     345            1.0
    223     295            1.0
    224     296            1.0
    225     319            0.9995544022956474
    225     320            0.00044559770435259605
    226     301            1.0
    227     254            1.0
    228     229            1.0
    229     318            1.0
    230     316            1.0
    231     206            0.0022719890596588667
    231     228            0.9977280109403411
    232     252            1.0
    233     321            0.8125931416226972
    233     343            0.18740685837730275
    234     323            0.6810862348701369
    234     324            0.31891376512986314
    235     252            1.0
    236     297            1.0
    237     249            1.0
    238     205            0.7204546370450002
    238     206            1.8706829695146707e-05
    238     227            0.058743030260494516
    238     228            0.22078362586481004
    239     316            1.0
    240     271            1.0
    241     228            0.03582863460233345
    241     229            0.4251380374840363
    241     250            0.022978422308462455
    241     251            0.5160549056051678
    242     319            1.0
    243     205            1.0
    244     318            1.0
    245     296            0.010886737174978038
    245     297            0.6977476926162293
    245     319            0.2913655702087927
    246     250            1.0
    247     302            1.0
    248     317            1.0
    249     315            1.0
    250     272            1.0
    251     226            1.0
    252     317            0.23252545658993698
    252     318            0.26818529439485234
    252     339            0.395180338991947
    252     340            0.10410891002326372
    253     317            1.0
    254     299            0.993420746554972
    254     300            0.004887642667731435
    254     321            0.001691610777296515
    255     205            1.0
    256     325            1.0
    257     205            1.0
    258     274            0.3657242685788098
    258     296            0.6342757314211902
    259     276            1.0
    260     317            0.13695967753630195
    260     339            0.863040322463698
    261     276            1.0
    262     298            0.021354785360583366
    262     299            0.9766768061316685
    262     321            0.001968408507748154
    263     250            1.0
    264     302            1.0
    265     253            0.6652994967182947
    265     275            0.3347005032817053
    266     280            1.0
    267     297            1.0
    268     277            0.9847090421703911
    268     278            0.015290957829608876
    269     251            0.2552675890881534
    269     252            0.11281126083497103
    269     273            0.22479497532045956
    269     274            0.407126174756416
    270     298            1.0
    271     295            1.0
    272     227            1.0
    273     321            0.13755017225608177
    273     322            0.38086495027566414
    273     343            0.11577362098719676
    273     344            0.3658112564810573
    274     316            1.0
    275     227            1.0
    276     324            0.484674402717364
    276     325            0.5029698621041745
    276     347            0.012355735178461558
    277     227            0.9969089466882054
    277     228            0.0030910533117946004
    278     325            1.0
    279     273            1.0
    280     326            1.0
    281     323            0.5912962240007293
    281     345            0.40870377599927066
    282     206            1.0
    283     324            0.42236027593926606
    283     346            0.5776397240607339
    284     272            1.0
    285     319            1.0
    286     278            1.0
    287     299            0.11713387944216165
    287     300            0.8828661205578383
    288     320            0.9452340833841115
    288     342            0.05476591661588848
    289     251            1.0
    290     316            1.0
    291     254            1.0
    292     250            1.0
    293     319            1.0
    294     324            0.7556771061268737
    294     325            0.24432289387312633
    295     293            0.06105911608747894
    295     315            0.3913067250131018
    295     316            0.5476341588994192
    296     278            1.0
    297     280            1.0
    298     346            1.0
    299     319            1.0
    300     324            1.0
    301     253            1.0
    302     299            1.0
    303     340            0.11536661049589174
    303     341            0.8846333895041083
    304     298            1.0
    305     324            0.2008787715949012
    305     325            0.14437997709386577
    305     346            0.38570450515666005
    305     347            0.26903674615457307
    306     318            0.31871802727652565
    306     319            0.5635190508340959
    306     340            0.020050232711205686
    306     341            0.09771268917817277
    307     228            0.2760053535550965
    307     229            0.7239946464449035
    308     302            1.0
    309     296            1.0
    310     316            0.8594062757649547
    310     338            0.14059372423504535
    311     298            1.0
    312     345            1.0
    313     319            1.0
    314     316            1.0
    315     315            0.39786533937303786
    315     316            0.6021346606269622
    316     228            1.0
    317     280            1.0
    318     319            1.0
    319     229            0.08299844675898124
    319     230            0.9170015532410187
    320     227            0.6604085908666132
    320     228            0.3395914091333868
    321     252            1.0
    322     280            0.016277906745346914
    322     302            0.9837220932546531
    323     341            1.0
    324     302            1.0
    325     275            0.39384052607608216
    325     297            0.6061594739239178
    326     294            0.3101516027327697
    326     295            0.6898483972672302
    327     318            1.0
    328     315            0.08009068644885442
    328     316            0.9199093135511456
    329     295            1.0
    330     316            1.0
    331     295            1.0
    332     343            0.9032174737276347
    332     344            0.09678252627236528
    333     324            0.5382071146024906
    333     325            0.4617928853975094
    334     316            1.0
    335     343            0.0061676358056487225
    335     344            0.9938323641943513
    336     274            0.008679320219960783
    336     296            0.9913206797800392
    337     346            1.0
    338     316            1.0
    339     318            1.0
    340     297            1.0
    341     228            1.0
    342     204            1.0
    343     254            0.47860167666341163
    343     255            0.5213983233365884
    344     249            1.0
    345     318            1.0
    346     251            1.0
    347     272            0.3560793812400081
    347     273            0.05605588986441988
    347     294            0.19985047502833525
    347     295            0.38801425386723676
    348     298            0.7198677407901605
    348     320            0.28013225920983953
    349     319            1.0
    350     252            0.26850757648571316
    350     274            0.7314924235142868
    351     206            0.006589150185723443
    351     228            0.7990273826634773
    351     229            0.19438346715079924
    352     250            1.0
    353     276            1.0
    354     325            1.0
    355     273            1.0
    356     279            0.4762688546736086
    356     280            0.5237311453263914
    357     228            0.37209935963194246
    357     250            0.6279006403680576
    358     249            0.15304177685838857
    358     271            0.8469582231416114
    359     226            1.0
    360     339            1.0
    361     206            1.0
    362     249            1.0
    363     272            1.0
    364     204            0.4050560296984072
    364     205            0.5949439703015929
    365     228            0.8008615378995854
    365     250            0.19913846210041464
    366     338            1.0
    367     226            0.049458919775087845
    367     227            9.620191930792377e-05
    367     248            0.5902178262018442
    367     249            0.3033151535743028
    367     271            0.05691189852945722
    368     205            1.0
    369     316            1.0
    370     345            1.0
    371     302            1.0
    372     297            1.0
    373     322            0.03909533450621867
    373     323            0.6102532479903223
    373     344            0.1809120025361308
    373     345            0.16973941496732814
    374     182            0.0016981486084025697
    374     183            0.02283878351049746
    374     204            0.1138068452739252
    374     205            0.8616562226071748
    375     278            0.0513530153316727
    375     279            0.014077621526794941
    375     300            0.8640218205105615
    375     301            0.07054754263097085
    376     345            1.0
    377     204            1.0
    378     277            0.02998103810957915
    378     299            0.9700189618904208
    379     318            0.12116486762366054
    379     319            0.8788351323763395
    380     228            0.49458700865137656
    380     250            0.5054129913486234
    381     300            0.2798911196737294
    381     301            0.7201088803262705
    382     205            1.0
    383     323            1.0
    384     225            0.4671031303632678
    384     226            0.5328968696367322
    385     276            0.20181378861039265
    385     277            0.7981862113896073
    386     228            1.0
    387     295            1.0
    388     301            1.0
    389     252            1.0
    390     250            0.6626154675604612
    390     251            0.2662337983580957
    390     272            0.0638415463589218
    390     273            0.007309187722521315
    391     278            1.0
    392     272            1.0
    393     316            1.0
    394     251            1.0
    395     251            0.3727134241020813
    395     252            0.6272865758979187
    396     206            1.0
    397     251            1.0
    398     226            1.0
    399     303            0.4280900037321488
    399     325            0.5719099962678512
    400     297            0.5178900964829717
    400     319            0.4821099035170283
    401     302            0.7011018894960198
    401     324            0.2988981105039802
    402     300            1.0
    403     345            1.0
    404     294            1.0
    405     225            1.0
    406     204            0.9894350994125779
    406     205            0.0105649005874221
    407     339            1.0
    408     302            1.0
    409     296            1.0
    410     298            1.0
    411     320            0.0003113757694109767
    411     321            0.14995322161562308
    411     343            0.8497354026149659
    412     250            0.3642016713308265
    412     272            0.6357983286691735
    413     298            1.0
    414     228            0.6193598596596539
    414     250            0.3806401403403461
    415     319            1.0
    416     322            1.0
    417     298            1.0
    418     251            1.0
    419     294            1.0
    420     227            1.0
    421     296            0.5911184860474454
    421     297            0.40888151395255456
    422     303            0.0021841079361816407
    422     324            0.6892587092752805
    422     325            0.30855718278853783
    423     228            1.0
    424     273            1.0
    425     303            1.0
    426     301            1.0
    427     295            1.0
    428     276            1.0
    429     316            0.35517821059568994
    429     338            0.64482178940431
    430     324            1.0
    431     302            1.0
    432     248            0.8184120481165464
    432     249            0.18158795188345356
    433     318            0.8925845283466979
    433     319            0.10741547165330212
    434     297            1.0
    435     319            1.0
    436     300            0.9973991867656774
    436     322            0.0026008132343225965
    437     273            1.0
    438     276            0.011133964740929637
    438     277            0.16975069539638968
    438     298            0.03445803786232729
    438     299            0.7846573020003533
    439     301            1.0
    440     276            0.0989858747075402
    440     298            0.9010141252924598
    441     316            1.0
    442     253            0.41802201806265094
    442     254            0.5819779819373491
    443     298            1.0
    444     272            1.0
    445     297            1.0
    446     345            1.0
    447     316            0.0645590413844388
    447     317            0.9354409586155612
    448     274            0.47770490901569074
    448     296            0.5222950909843093
    449     345            1.0
    450     227            1.0
    451     302            0.6887211098699392
    451     303            0.3112788901300608
    452     339            1.0
    453     295            1.0
    454     273            1.0
    455     322            0.16604669093734628
    455     344            0.8339533090626537
    456     272            1.0
    457     302            1.0
    458     274            1.0
    459     226            1.0
    460     251            1.0
    461     295            1.0
    462     252            0.9935442585956665
    462     274            0.0064557414043334704
    463     229            1.0
    464     249            0.9354552196672241
    464     250            0.06454478033277589
    465     206            1.0
    466     271            1.0
    467     250            0.05943067146520225
    467     251            0.8031257895141685
    467     273            0.13744353902062934
    468     204            0.9972508124385449
    468     205            0.0027491875614551464
    469     205            1.0
    470     276            0.9999977666893344
    470     298            2.23331066562249e-06
    471     277            1.0
    472     251            1.0
    473     275            0.6387267703823544
    473     276            0.35754135308101614
    473     297            1.4541609578296873e-06
    473     298            0.0037304223756715604
    474     226            1.0
    475     344            1.0
    476     228            1.0
    477     317            1.0
    478     323            0.8421969071951086
    478     345            0.15780309280489135
    479     300            1.0
    480     295            1.0
    481     251            1.0
    482     323            1.0
    483     302            1.0
    484     302            0.36226582114395284
    484     303            0.3148260588418017
    484     324            0.32187384217440407
    484     325            0.0010342778398413355
    485     273            1.0
    486     317            1.0
    487     326            1.0
    488     344            1.0
    489     321            0.3335694307131403
    489     343            0.6384319034911222
    489     344            0.0279986657957374
    490     300            0.2825271409574104
    490     301            0.7047572970813651
    490     322            0.002413804533726485
    490     323            0.010301757427497948
    491     293            0.11561602657250948
    491     294            0.0833270690341871
    491     315            0.3896530037231075
    491     316            0.41140390067019594
    492     251            1.0
    493     225            0.3458473292734648
    493     226            0.6510020406816089
    493     248            0.003150630044926217
    494     324            0.22213496924323892
    494     346            0.7778650307567611
    495     345            0.711067594496914
    495     346            0.28893240550308597
    496     301            1.0
    497     298            0.3726276065724289
    497     299            0.6273723934275711
    498     204            0.615122050054732
    498     205            0.384877949945268
    499     275            0.7569562709464817
    499     297            0.24304372905351834
    500     295            1.0
    501     227            0.012959519977512343
    501     228            0.9870404800224877
    502     303            0.8597893632659329
    502     325            0.14021063673406708
    503     280            1.0
    504     206            1.0
    505     296            0.45356626636827196
    505     318            0.546433733631728
    506     272            1.0
    507     205            0.3403256610759316
    507     227            0.6596743389240685
    508     225            1.0
    509     229            0.0493955731570605
    509     251            0.6698612275461471
    509     252            0.28074319929679237
    510     318            1.0
    511     344            1.0
    512     228            1.0
    513     300            0.27119548565445833
    513     322            0.7288045143455417
    514     299            0.020379772250245388
    514     300            0.9554887610516751
    514     322            0.02413146669807953
    515     254            0.6639684569066504
    515     276            0.3360315430933496
    516     324            0.022890073910151288
    516     325            0.2347449033292734
    516     346            0.24898983117163398
    516     347            0.4933751915889413
    517     294            0.9894947763426079
    517     316            0.010505223657392149
    518     315            0.03346934587839829
    518     316            0.9665306541216017
    519     272            0.6239494075924467
    519     273            0.37605059240755334
    520     326            1.0
    521     204            0.6145442560425395
    521     226            0.36824404953196677
    521     227            0.01721169442549375
    522     298            1.0
    523     339            1.0
    524     346            1.0
    525     271            1.0
    526     324            0.9073255608240067
    526     346            0.09267443917599327
    527     251            0.7848055427706209
    527     252            0.21519445722937913
    528     275            1.0
    529     280            1.0
    530     318            1.0
    531     227            1.0
    532     250            1.0
    533     295            1.0
    534     226            0.11512367415745788
    534     227            0.8848763258425422
    535     252            0.6290679749096604
    535     253            0.3709320250903396
    536     274            0.17902407630556588
    536     275            0.37696991343786845
    536     296            0.06367276682074526
    536     297            0.3803332434358204
    537     204            0.7608561330201218
    537     205            0.23914386697987822
    538     316            1.0
    539     250            0.8076407823049665
    539     251            0.1923592176950335
    540     276            1.0
    541     254            0.79085682819923
    541     276            0.20914317180077002
    542     274            0.017870666125948228
    542     275            0.9821293338740518
    543     205            1.0
    544     272            0.00516061001609144
    544     273            0.7416005534515377
    544     274            0.0007251037107024622
    544     295            0.25251373282166834
    545     297            0.36226722271839623
    545     298            0.6377327772816037
    546     249            1.0
    547     249            1.0
    548     271            1.0
    549     326            0.8673056031678282
    549     327            0.13269439683217177
    550     317            1.0
    551     319            1.0
    552     249            1.0
    553     272            1.0
    554     227            1.0
    555     252            0.0905660775225055
    555     274            0.8725546227966717
    555     275            0.03687929968082271
    556     273            0.11861904025596337
    556     274            0.17482245284698145
    556     295            0.1995701783793077
    556     296            0.5069883285177474
    557     344            0.8679326898856469
    557     345            0.13206731011435313
    558     251            1.0
    559     206            1.0
    560     318            1.0
    561     326            1.0
    562     277            0.17399405515164054
    562     278            0.40689976515103715
    562     299            0.03913155654509155
    562     300            0.37997462315223074
    563     318            0.5897182298790331
    563     340            0.4102817701209669
    564     324            0.9848677620660922
    564     325            0.015132237933907833
    565     228            1.0
    566     297            0.6917127996187833
    566     298            0.3082872003812167
    567     227            0.999950088049815
    567     249            4.991195018499983e-05
    568     272            1.0
    569     276            0.18603989615266237
    569     277            0.6976319339410286
    569     298            0.024514455409076204
    569     299            0.09181371449723286
    570     205            1.0
    571     339            0.8801693255457229
    571     340            0.11983067445427709
    572     204            0.7170171010195807
    572     226            0.2827263656371668
    572     227            0.0002565333432524852
    573     300            1.0
    574     204            0.7994669243156199
    574     205            0.20053307568438006
    575     345            1.0
    576     182            0.2061466622601492
    576     204            0.7938533377398508
    577     319            0.8117627369688402
    577     320            0.18823726303115984
    578     272            1.0
    579     317            0.0005959679521000568
    579     339            0.9994040320479
    580     299            1.0
    581     300            1.0
    582     277            1.0
    583     226            1.0
    584     205            1.0
    585     228            1.0
    586     323            0.3909537013976146
    586     344            0.01191717485745218
    586     345            0.5971291237449332
    587     227            0.3501294100430244
    587     249            0.6498705899569757
    588     324            1.0
    589     227            1.0
    590     302            1.0
    591     295            1.0
    592     250            0.2269560834263526
    592     272            0.7730439165736473
    593     296            0.19370399150327974
    593     297            0.05959920961628365
    593     318            0.5572504708727283
    593     319            0.18944632800770833
    594     298            1.0
    595     204            1.0
    596     277            0.4129932888915353
    596     299            0.5870067111084647
    597     345            0.6905967174422613
    597     346            0.30940328255773875
    598     273            1.0
    599     278            1.0
    600     319            1.0
    601     204            1.0
    602     248            1.0
    603     319            1.0
    604     273            1.0
    605     248            1.0
    606     205            1.0
    607     225            0.9485158966119958
    607     226            0.05148410338800424
    608     339            1.0
    609     295            0.18963626537817446
    609     296            0.2560215654755861
    609     316            0.006944759667218727
    609     317            0.34257054372458806
    609     318            0.20482686575443265
    610     250            0.6481988435082748
    610     272            0.35180115649172516
    611     316            1.0
    612     303            1.0
    613     205            0.9979106994389817
    613     206            0.0020893005610183035
    614     315            1.0
    615     301            0.4188576885940543
    615     302            0.5811423114059457
    616     229            0.399700062614587
    616     251            0.600299937385413
    617     324            0.5046211777980423
    617     325            0.0021910355315599237
    617     346            0.30851297987613874
    617     347            0.18467480679425896
    618     279            0.020611755114684598
    618     301            0.9793882448853154
    619     296            1.0
    620     345            1.0
    621     295            1.0
    622     317            1.0
    623     315            0.02739588288772972
    623     316            4.2744065104135336e-05
    623     337            0.2793995640833756
    623     338            0.6931618089637905
    624     296            1.0
    625     319            1.0
    626     346            1.0
    627     205            1.0
    628     303            1.0
    629     298            1.0
    630     302            1.0
    631     341            1.0
    632     249            1.0
    633     276            1.0
    634     316            0.8946608003371599
    634     338            0.10533919966284011
    635     228            1.0
    636     280            0.44877144077008535
    636     302            0.5512285592299146
    637     252            1.0
    638     228            0.023354804268810227
    638     229            0.5989399448746363
    638     250            0.02999244466429753
    638     251            0.347712806192256
    639     297            0.0021750504174460283
    639     319            0.997824949582554
    640     317            1.0
    641     299            1.0
    642     295            1.0
    643     296            1.0
    644     316            1.0
    645     340            0.8462524997138621
    645     341            0.15374750028613793
    646     316            1.0
    647     272            1.0
    648     296            1.0
    649     249            0.20618809229188206
    649     250            0.35512400404104766
    649     271            0.31937458184102563
    649     272            0.1193133218260447
    650     250            1.0
    651     276            1.0
    652     252            1.0
    653     318            1.0
    654     344            1.0
    655     320            1.0
    656     318            1.0
    657     339            1.0
    658     317            1.0
    659     272            1.0
    660     304            0.17052104249470973
    660     305            0.32868422519204604
    660     326            0.013980164662683224
    660     327            0.48681456765056097
    661     324            0.8052227203482053
    661     325            0.1947772796517947
    662     298            1.0
    663     227            0.8689851666244438
    663     249            0.1310148333755562
    664     324            0.34509779062483603
    664     346            0.654902209375164
    665     299            0.3406538667004659
    665     300            0.6593461332995341
    666     297            1.0
    667     205            1.0
    668     325            0.8034059043488457
    668     326            0.19659409565115427
    669     317            1.0
    670     319            1.0
    671     325            1.0
    672     302            0.9429070673507619
    672     303            0.05709293264923809
    673     316            1.0
    674     340            1.0
    675     294            0.9033747806855157
    675     295            0.052897075401874855
    675     316            0.043728143912609485
    676     251            0.05491716216340185
    676     273            0.5537190565548805
    676     274            0.39136378128171767
    677     206            0.9233326474622976
    677     228            0.0766673525377024
    678     250            0.5915183177715531
    678     251            0.40848168222844694
    679     303            1.0
    680     278            0.061834405776778185
    680     300            0.9381655942232218
    681     325            0.10072412392608512
    681     326            0.8992758760739149
    682     204            1.0
    683     248            0.23290143502987407
    683     249            0.767098564970126
    684     204            1.0
    685     300            1.0
    686     317            1.0
    687     227            0.30685531071002675
    687     228            0.6931446892899733
    688     301            1.0
    689     321            1.0
    690     298            1.0
    691     316            1.0
    692     204            0.04198549231522143
    692     205            0.9580145076847786
    693     278            0.6441517691080918
    693     300            0.3558482308919082
    694     294            0.5412979532572547
    694     295            0.4587020467427453
    695     295            0.26572641261208885
    695     296            0.2859348708481147
    695     316            0.018916311057635624
    695     317            0.22867388294222124
    695     318            0.2007485225399397
    696     250            1.0
    697     225            1.0
    698     322            0.9983709220872995
    698     344            0.001629077912700505
    699     338            1.0
    700     324            0.18922431012638738
    700     346            0.8107756898736126
    701     204            0.001212368807570118
    701     205            0.0008634307423426705
    701     226            0.12982156311141613
    701     227            0.4750245686267389
    701     228            0.3646232221182201
    701     250            0.028454846593712002
    702     249            1.0
    703     271            0.4475131049746399
    703     272            0.5524868950253601
    704     346            1.0
    705     250            0.9690697473780887
    705     272            0.03093025262191129
    706     316            1.0
    707     272            1.0
    708     205            1.0
    709     345            0.9894699902424335
    709     367            0.01053000975756646
    710     205            1.0
    711     301            1.0
    712     319            1.0
    713     344            1.0
    714     316            1.0
    715     298            1.0
    716     249            1.0
    717     227            1.0
    718     252            1.0
    719     301            1.0
    720     272            0.22461015771237203
    720     294            0.775389842287628
    721     316            0.7239492144809602
    721     338            0.27605078551903983
    722     301            1.0
    723     280            1.0
    724     342            0.007490486147224486
    724     343            0.9925095138527755
    725     319            0.9741486295526892
    725     341            0.025851370447310784
    726     279            0.14672645434984108
    726     301            0.8532735456501589
    727     296            1.0
    728     251            1.0
    729     297            0.025493902310321642
    729     298            0.01155761034616823
    729     319            0.4171167727492289
    729     320            0.5458317145942813
    730     205            0.49586450263809007
    730     206            0.4832098527275279
    730     228            0.020925644634381957
    731     275            1.0
    732     319            1.0
    733     316            0.68401123685821
    733     317            0.31598876314179003
    734     251            1.0
    735     315            0.5662091457351475
    735     316            0.39272135696086696
    735     337            0.01687587544586885
    735     338            0.024193621858116687
    736     320            0.8048342620746511
    736     321            0.19516573792534886
    737     324            1.0
    738     226            1.0
    739     280            1.0
    740     318            0.15488417086897743
    740     319            0.8451158291310226
    741     298            0.19838670108386333
    741     299            0.5816303405456242
    741     320            0.08561413133980965
    741     321            0.13436882703070274
    742     316            1.0
    743     323            1.0
    744     303            0.46473375412627543
    744     304            0.21222919138043844
    744     325            0.16296248397586782
    744     326            0.16007457051741825
    745     248            1.0
    746     226            1.0
    747     344            1.0
    748     301            1.0
    749     302            1.0
    750     294            0.9811150827353875
    750     316            0.0188849172646125
    751     274            1.0
    752     316            1.0
    753     276            1.0
    754     302            0.08398110805820944
    754     323            0.021243553724746324
    754     324            0.8947753382170442
    755     295            1.0
    756     204            1.0
    757     271            0.48549449855350196
    757     272            0.5145055014464981
    758     298            1.0
    759     345            1.0
    760     226            1.0
    761     298            0.9268424015179184
    761     299            0.07315759848208159
    762     249            0.04835311320887258
    762     271            0.9516468867911274
    763     250            1.0
    764     297            1.0
    765     273            0.17505018323341767
    765     295            0.8249498167665823
    766     294            0.5774377725409295
    766     295            0.034754331186281184
    766     316            0.3635631768422601
    766     317            0.024244719430529305
    767     226            0.27319577034028386
    767     227            0.20274508810834113
    767     248            0.30859025515455246
    767     249            0.2154688863968226
    768     254            0.5211040156781964
    768     255            0.4788959843218036
    769     206            1.0
    770     319            1.0
    771     318            1.0
    772     325            1.0
    773     321            0.110511467002396
    773     322            0.48196194711398566
    773     323            0.35798713622165973
    773     324            0.04953944966195856
    774     272            0.3574622942885097
    774     273            0.6425377057114903
    775     305            0.029771767788142084
    775     327            0.9702282322118579
    776     227            0.5312429659415893
    776     228            0.46875703405841074
    777     274            1.0
    778     276            0.6241776575813387
    778     277            0.3758223424186613
    779     323            0.7010108266220045
    779     324            0.29898917337799547
    780     206            1.0
    781     226            1.0
    782     327            1.0
    783     227            0.9999999657253775
    783     228            3.427462247351798e-08
    784     300            1.0
    785     296            1.0
    786     205            1.0
    787     302            0.023059547951350935
    787     324            0.9769404520486491
    788     301            1.0
    789     295            1.0
    790     302            0.8224667605250496
    790     303            0.17753323947495037
    791     206            0.6266677421507808
    791     228            0.3733322578492192
    792     302            1.0
    793     250            1.0
    794     276            0.197274510983721
    794     277            0.8027254890162789
    795     321            1.0
    796     278            0.9848877108397169
    796     279            0.015112289160283066
    797     302            1.0
    798     229            1.0
    799     317            1.0
    800     302            1.0
    801     301            1.0
    802     254            1.0
    803     225            0.01689393986148643
    803     226            0.9831060601385135
    804     302            1.0
    805     276            0.5093005570020491
    805     277            0.4906994429979509
    806     295            1.0
    807     300            1.0
    808     279            0.1466292668456195
    808     301            0.8533707331543805
    809     344            1.0
    810     275            0.387340398634324
    810     297            0.612659601365676
    811     272            1.0
    812     294            0.9812336769771396
    812     316            0.01876632302286041
    813     300            0.8686508321791796
    813     301            0.1313491678208204
    814     315            1.0
    815     205            0.6340337089720346
    815     227            0.3659662910279654
    816     340            0.7448976254027481
    816     341            0.25510237459725194
    817     298            1.0
    818     302            1.0
    819     204            0.02959521688212051
    819     205            0.2818025541047835
    819     226            0.00627943059791905
    819     227            0.682322798415177
    820     225            1.0
    821     276            0.08473378040496689
    821     298            0.8708994408751284
    821     299            0.04436677871990469
    822     295            1.0
    823     298            1.0
    824     340            0.7268370444996868
    824     341            0.2731629555003132
    825     322            1.0
    826     322            1.0
    827     296            1.0
    828     274            1.0
    829     344            1.0
    830     318            1.0
    831     304            0.6965062981708944
    831     326            0.2717320866172563
    831     327            0.03176161521184939
    832     226            1.0
    833     296            1.0
    834     302            1.0
    835     297            1.0
    836     227            1.0
    837     302            1.0
    838     249            1.0
    839     315            0.6630910229128647
    839     316            0.3369089770871353
    840     302            1.0
    841     319            1.0
    842     301            0.042021838938524035
    842     302            0.9579781610614759
    843     319            1.0
    844     295            1.0
    845     277            1.0
    846     271            0.004563730103744561
    846     272            0.9954362698962554
    847     274            0.30681448578311304
    847     295            0.00018642178631079375
    847     296            0.6929990924305762
    848     205            1.0
    849     204            1.0
    850     323            1.0
    851     317            1.0
    852     295            1.0
    853     297            0.9974759883370177
    853     298            0.0025240116629823284
    854     320            1.0
    855     298            1.0
    856     294            0.9484067550629633
    856     295            0.03211019466467347
    856     316            0.01948305027236319
    857     226            1.0
    858     326            0.5029989410273459
    858     327            0.4970010589726541
    859     303            0.902709886174622
    859     325            0.097290113825378
    860     280            1.0
    861     299            0.04186484967889678
    861     321            0.9581351503211032
    862     275            1.0
    863     302            1.0
    864     301            1.0
    865     273            1.0
    866     321            0.06997083916935477
    866     343            0.8343035258461136
    866     344            0.09572563498453168
    867     276            0.860176758407202
    867     277            0.13982324159279802
    868     225            0.16235903569835766
    868     226            0.8376409643016424
    869     317            1.0
    870     274            1.0
    871     299            0.45968089746519536
    871     300            0.5403191025348046
    872     252            1.0
    873     251            1.0
    874     272            1.0
    875     205            1.0
    876     205            1.0
    877     252            1.0
    878     280            1.0
    879     295            1.0
    880     297            0.7212514877806405
    880     298            0.2787485122193595
    881     299            1.0
    882     344            1.0
    883     298            1.0
    884     325            1.0
    885     299            0.5560503993203525
    885     300            0.4439496006796475
    886     316            1.0
    887     249            0.8409561627203935
    887     250            0.15904383727960647
    888     316            1.0
    889     226            0.582143051010393
    889     227            0.40814963901484547
    889     249            0.009707309974761547
    890     323            1.0
:EndGridWeights